2458
1330762
581206
1590039
923050
1935702
1002891
1647889
1314034
924240
226333
618975
1315256
1112062
372157
1104284
843845
1653692
1698202
887918
1769082
948457
1470371
206093
277709
1002916
1255641
1490235
1263164
1837205
1746864
622142
186081
1379464
1554325
473871
408640
1996677
545095
546441
1222726
905087
825328
593350
203596
849791
566869
1685650
1820401
17037
1536246
260809
80990
113578
573750
1174442
1860391
375115
1312332
1920134
680062
1512655
384727
1476829
1177376
1604191
432895
1935791
1557736
1898286
695646
847168
1108599
1151762
1665191
863997
123131
877022
2498
1427918
436049
1569990
1669833
1246129
300961
1486056
541153
72505
805716
379885
613479
33526
684347
624961
1866378
1710070
520361
1348499
1415973
599404
416897
631077
127916
1922115
1321390
689079
1152210
929227
448386
1709752
1051313
983370
372618
1884414
1484087
1110071
1842821
1138598
1175869
1691319
1063040
360392
1130077
1177853
1284808
662121
162823
483640
1285383
1955120
343638
774631
1461048
1403093
1011022
1804971
1442076
1747718
1924738
1611881
333848
1611925
1624119
1095963
1328571
1630108
1660907
799932
1140873
756309
1867249
1381762
172631
1724654
1536364
56506
1501000
950062
637308
659271
526258
668572
1643843
493265
1366116
276683
1522321
969525
873393
1679115
1667994
95104
1213860
1563988
1357473
1451114
736273
34115
1849281
1654699
1001214
1362890
1342766
529076
87873
961875
602001
1736394
1866729
954518
303972
492015
1110412
1265469
1085624
1665275
1968081
1130855
1729847
1051890
107789
691384
1926539
1461758
1088314
1772146
167903
608643
367182
85251
1320233
1466887
1100781
982608
1658057
1163368
1325806
1114769
405393
404242
1674681
1785926
1102795
1918875
1375145
1175980
984692
1948391
478365
1692197
1483033
1605417
304267
797392
1546912
309831
1436350
1881007
1440762
315727
793973
1993358
1369213
1781479
1634284
837085
1391234
127805
1607412
1922256
339471
853314
725463
1325607
1377208
321862
1588588
7666
86614
1912333
787455
219512
130280
674985
602218
1714815
1162621
303390
1435695
1348227
1727017
1444798
1674007
89668
1610268
1681323
416714
1321316
284592
538061
1784746
856889
340981
556108
1352727
629721
879956
978660
1420184
1225052
721242
1428686
1794395
1528428
1528271
574463
1863079
694230
1179263
1919469
1674464
1087845
692109
259186
195241
894673
1179306
635797
1715338
1695885
1905147
267273
1723073
1548553
127588
1930566
1878531
1574172
1322257
1972496
834861
183962
883206
210644
626986
298333
1650403
145580
561397
1035807
1818243
1722484
142055
365123
863597
696902
164781
81797
360869
458056
1450414
244160
1263321
1724298
1319905
453971
1705612
245843
1400841
1597705
695932
288909
1371972
1206766
1084610
1490503
204641
481467
1632199
1896908
1244270
1033728
74402
679533
1877641
182664
125220
1357952
684957
1430686
1765786
1796736
1213304
864203
522084
590702
920641
1158907
890739
173017
592720
1404561
744738
963691
339877
1529336
350513
935289
1280513
1373094
492263
1683314
449597
463961
1213785
416688
169760
583790
1846657
1137243
328752
347662
1560886
1970155
1831918
899196
1075604
507771
684684
493909
569863
1045733
1590728
1459183
1304189
1839709
288991
1110710
339658
348307
1832151
1189930
77441
1311862
938424
82474
1347140
749345
1650417
105397
420943
336852
1312250
1753496
1844264
245060
1843674
774582
1131773
1440681
453733
1842742
250607
786605
803232
1446529
92587
990413
1159771
1374076
127698
1059050
244134
1498351
1305091
1138822
270222
249026
1031733
1749445
1552055
326261
857353
579288
72968
233013
1733483
1837232
1614918
1059131
1996034
1514409
1978937
898977
1894573
1989409
939325
1290836
508631
1491895
1989886
356728
1589573
276343
1977699
1361893
92720
1813898
448406
705444
1974837
1594650
1742849
1382327
1888625
127473
985390
1671318
713639
570221
1713045
255355
1375494
100642
1378041
613288
1080112
1345156
1603777
1315682
199498
979386
1740394
1539837
1759558
1195328
736688
581011
601588
711075
140294
1919585
1388827
909476
1084293
401386
1771559
596611
1010351
1767102
1004020
1268006
577199
1938410
1778849
1734533
981234
1488932
898301
1364412
281782
747563
210122
1132723
505948
995453
1854255
203013
1622768
693298
1390785
404380
1069732
2565
429928
1793460
866527
466020
1016349
976657
841729
483503
334807
1836675
311664
931491
402188
1801984
1760988
25027
214096
1247755
1682710
1237175
429295
1392730
1709464
256106
403529
88841
547130
1568548
973843
317055
376318
599641
198276
574635
1508483
1985388
868007
515215
472585
1921644
522685
1798278
412758
373446
821061
1574456
593266
52273
442024
1597743
479204
143032
721670
1832557
1573270
1037198
83997
610423
62492
927510
429528
1273181
1509660
17753
1460358
1712022
733217
1827553
293503
1775600
1157019
1698880
775171
1761065
714491
631016
979974
1336020
1435045
829073
1495574
494859
1126525
1376099
1837850
233288
1877970
365718
1001364
471287
1901393
257586
452725
1545075
1492118
1249504
288620
395006
913087
1109038
841240
765713
1758770
666424
440725
780323
1367860
960605
1118067
942256
57225
747977
1175378
1233418
1431935
1934668
146657
133562
179903
1227072
1834052
367500
826190
1822215
1874207
899435
1246157
1230096
268948
1464987
342397
584969
422934
326008
1987833
729863
736089
460102
935375
1057528
865428
917367
1247651
59110
414063
1153417
1082207
1219306
113142
1557450
1102848
155060
215105
1686015
1274985
473741
1939522
1936554
792217
1541289
1534166
137765
691658
1653080
599861
1472256
325044
849371
1245585
702074
1198581
1686555
1198186
1122374
361646
916687
1119849
767082
1408154
720791
1817228
26852
1116956
711498
362140
187338
369865
736919
1051022
1514093
790340
799534
1667884
1394086
1523362
727664
225710
1594571
1459249
941807
828374
232837
1973721
1411067
358870
1416292
956874
1092731
1324371
358300
1353892
1172442
528401
71428
1724061
1507316
1020809
1980160
1290941
412524
1102392
1588125
1798349
1731491
1911733
399048
18673
1804100
1599012
1633981
690979
1525277
1307832
466349
1892416
1584392
53131
1705888
352629
945847
1230464
1277134
1412548
692724
160203
1617897
271134
1596457
1670024
16047
1706854
245549
303631
1046726
1839414
1240249
434488
242231
1499334
1959822
1397621
1152773
1493719
1690389
1667321
1828614
1864610
62054
179012
139671
1454186
1314921
1627532
345096
1182059
1825257
175579
1105627
1571289
293837
127915
422215
134077
1582966
1927127
445431
1221647
261107
626934
652169
1149905
1810899
206556
392807
1548225
77692
1783415
1722158
1025402
331589
1753287
209082
1417447
1530355
561861
391935
618017
1958535
1864667
14158
1064671
1328861
670941
1205498
1831908
975408
1018698
1910753
1763261
1221891
606968
1603504
1435119
1526843
989765
1643287
1108366
1234727
796870
1104368
41844
453420
80226
1239702
540550
1918832
1004767
603722
1021107
1535193
1827414
1263111
396440
612778
1587497
1821044
1139959
1001058
560898
572819
1058994
1872662
1958896
1803510
1724620
149785
773963
1890604
540592
918573
1283569
1383289
1161667
760300
1972314
611253
1248637
1431239
664949
1913076
1970641
414977
889648
228070
1394477
1343856
1207065
822343
1939345
1168720
503329
107310
673831
224053
45376
169182
494523
276715
1515082
390766
1144871
1114162
63131
102535
251626
444126
101446
1636140
640464
976246
572409
1708720
336110
647822
602178
644018
983016
1730828
409035
380765
942719
1951619
1951259
1371871
415246
1176261
709460
937616
714925
1803133
116731
971923
1916156
274184
768206
856480
351848
787114
1976443
950352
1242412
1570925
181880
963101
596313
794608
1771199
26010
1621875
1401357
1186166
763694
1867680
1134318
1448047
1193251
1162903
691260
1687288
1075365
1734666
1163829
921216
837330
859516
1600485
1792563
61927
1879615
1745697
292172
195903
1754385
1458682
1138352
1371793
1769741
988159
775559
1620638
1405061
683451
1315741
1313568
616969
1353036
1104243
781840
826137
1574954
1693577
1660587
1099826
901079
1215686
78584
649711
1344550
103586
995828
1002044
1709273
146395
1876177
1109186
990264
1009309
408999
1995965
76256
1423510
174746
1915700
66652
1670303
1051216
1848088
1607647
220363
1506480
496244
1010725
1235790
304662
52122
631584
1096077
853307
242998
1059770
722084
425192
884574
1779731
618595
1695787
537058
1439563
204383
1626704
343728
695245
785874
749883
151446
1518833
1744887
1033175
1230776
164471
230496
1042063
1124188
597106
499585
1991318
473485
1841732
1824057
477604
1894187
156004
166003
936197
1354171
998319
1290171
135971
1448056
1974516
514160
408526
1403265
593659
1162753
1800999
224853
485909
153218
533289
886697
62903
1622531
78529
829275
1680020
1301004
287469
1280147
627277
1222304
695325
1615506
1726779
1732516
187726
529243
1849676
1395711
1153126
228663
1608918
1585119
1256260
1650310
1821969
1638797
530531
1434352
698586
1766467
1987576
1688515
1290770
1590906
1831285
533473
87476
106923
1674151
1697315
1002703
855823
820781
752213
1818834
793020
1676485
861142
975029
1271757
375176
1090197
1000092
304627
1277778
477784
366273
428218
1007305
41224
770474
853116
581563
860809
1234728
1006810
324738
135875
1901230
1654253
441769
1742755
1721560
1455810
1225959
753096
764339
504048
1831475
1028951
1962311
1669388
459325
1426828
1391293
897380
688425
986144
313129
1353503
167202
1659257
1099617
1632928
926842
149588
274262
1959971
1517485
812026
468283
1540612
959911
1320776
829989
632421
1368637
1544281
1078668
524683
1713444
1862224
596743
1978354
78913
1101086
393793
1154734
1469516
337349
318387
1338594
1822745
547729
1487052
782512
643139
88634
528970
1076373
478836
804368
986562
1019451
560670
421700
709478
1138549
596841
758873
1528742
1144143
1907476
1788446
1640058
304977
1062516
1121263
1554016
1825756
1755795
1119527
490456
1180137
493641
1129689
1717867
412184
1833723
47479
1989281
1280005
1015312
2297
45849
909078
875664
1577291
1417686
1657212
391609
1255243
557895
710644
808607
1174243
1431118
34301
907670
1182077
1719996
1521875
534617
703214
1320577
1359309
313913
1806424
525812
1430980
703833
297296
1304825
549363
769592
248739
128832
1905181
1742598
730982
1429313
1485224
1703577
1896804
1434148
500553
561634
1779811
371532
1319397
1698571
1683568
1504513
651647
327482
467408
745390
312100
681719
686539
595166
1069239
1051481
1986705
953380
94314
1950418
8533
1941052
559869
1045412
1525937
291702
176690
1752764
234774
1818298
637812
1269065
820025
797676
534102
1434894
1206414
1732409
1020264
792782
653179
221883
302185
1503348
1816732
1223463
1056060
135817
360076
433744
1716872
943425
1339836
550135
553102
1838758
1811662
273987
172635
1391868
1327825
898883
92710
649109
107579
1043035
1861693
1888863
61066
1634344
1845067
254297
1933116
1301532
1297240
1786650
1638869
1056521
1228680
302475
1235641
40874
1392690
1801030
101428
1694386
1929229
269892
244576
695343
1623231
932429
1559775
1628396
1464956
1754296
129174
1653076
1395770
773699
1361769
1167197
74752
725731
588677
1462576
1010309
38305
1252895
766452
199891
755143
1045306
1870160
156228
1286952
1506193
291680
547683
413193
1113805
1591803
1644288
1365723
11115
912639
694521
304721
1836575
1542943
1657477
1985792
1660750
454982
940705
68445
1966122
666960
1212355
638851
684078
1890925
1016996
1478124
495453
868089
1887122
1689615
1472169
178006
248104
1837494
1105394
982579
1659893
1769966
1522909
709029
714617
1676037
768056
705590
201729
1709951
1108974
214098
1094393
590326
929456
87785
1320830
839234
1079325
1908831
1729114
1222880
574808
166166
870271
1143025
1025517
1004905
832552
1658571
1294841
1819982
880400
678172
795089
1170738
545536
1257094
1952343
1536317
1870795
1978488
1689197
1307045
369151
281356
1773696
1296798
760161
1384386
857175
1408869
758171
1196562
1253464
437015
1195160
1356744
1838757
1571592
650521
1763150
1873038
543158
415112
1288991
1333698
416222
1795236
1758717
1542249
63737
886891
1543007
38038
1750625
1533682
1267762
1797014
588917
1369329
1728718
244746
1448165
801397
1885971
1061813
1683837
1424708
358076
1975578
1188791
1418337
380752
885797
107646
105452
1146041
891935
1080160
947658
1357475
1501562
1001444
1842137
793439
521979
1215164
1158526
1502839
903332
1927398
1559729
1249842
202265
921802
1518406
424874
1741760
529140
227180
1649861
991514
1437161
1783138
353459
645400
506140
657211
1930392
1645175
387642
375829
716856
1641258
11855
227158
1243301
1606028
7959
1363993
1846648
525312
1921868
1454743
48182
1629062
168496
178489
1963994
589239
1680578
1404280
362796
852981
1297796
365963
64402
1218305
1488679
148041
15840
557954
1228134
1857663
515692
1551570
842874
1608583
190411
694646
275107
818845
1733802
1165146
380531
1124550
1069645
1982418
1734958
724396
476905
327653
693216
1341154
1964596
983362
13034
1863875
343463
1645891
162758
24998
117350
1859918
1348155
1288695
1297178
64207
939053
496611
786189
559913
1988078
1269350
314134
861735
1670477
1197650
472452
173248
1296318
81984
1483346
764285
1671135
1688187
1864738
1886979
1893067
1532329
1538538
978999
1265121
544520
531889
250111
701496
1873884
1816991
1091835
1827372
1005440
1043366
1238349
1938207
1916992
339575
1423865
1027022
1102863
1312884
815383
1391425
170217
349575
80776
541651
1353065
188784
1659967
1423957
1410198
171139
1406724
958073
1807190
1294791
1443559
737463
64025
160241
1796593
1380659
1380616
345876
290879
1038617
244999
826078
1754143
1348614
440874
859959
790206
219446
723156
1587574
1094906
194946
451115
1708459
1348430
1685101
157026
1667878
417175
834302
1636642
280277
131018
622202
896015
686404
962999
942623
1516291
1434724
10810
1824341
58697
1042158
296653
526989
434641
311354
983084
550241
1380933
1187279
234918
219617
199887
1248615
286349
355565
811810
111493
1223635
1712738
1928700
1456577
1401975
1964721
695061
1131943
452601
1754470
1896960
1847582
703154
1288431
1576765
1270565
136250
1408957
1411807
821443
1250462
1845671
684795
1866934
1453368
449365
45360
1911400
422316
1647399
400057
607435
130815
1404799
211091
298072
1895640
602120
1640182
331932
1831928
1302697
1858753
1228614
653281
1533350
484126
946486
642852
929322
1112366
877391
943757
1990367
861031
1377963
1027945
61768
3210
952612
1919362
783660
709628
805201
1354415
1289526
1716769
1298354
1077342
1278694
1374924
1534129
1768774
1079877
989514
1947764
1986918
1456180
1213655
1920018
1965238
1098874
1268550
1492993
535034
1522665
1663677
140447
543770
833127
1270127
1833873
598912
687572
412569
1048269
593070
1053553
1874199
1363754
1816581
1185771
1869144
1364157
1554397
1578237
1108617
1863880
1000854
913267
1391045
1571764
848113
83192
987373
820490
1515109
1216635
270168
1831749
1625848
1576324
754586
244216
8569
1541051
935219
1081204
667310
1941245
1354695
933367
1581980
1849900
103438
779469
1229729
1904392
1938596
956797
414050
1799797
1139592
1630502
1442082
1698362
985762
515722
1700198
1592078
1533159
1376435
783386
42451
1737905
240259
431186
1624929
1355589
13348
643020
27414
1196571
1059609
1558572
457680
1989784
998213
1979753
207906
1590761
1610717
1278038
1313370
1417701
1826051
436733
1124083
802133
310207
555291
419498
1381006
1075231
408087
1978259
149982
1539530
111996
1863179
348284
1604799
548805
1925249
313779
386637
603227
79985
71932
984404
1708578
1987548
535968
1492293
1319
1922442
98398
1470015
624750
1911854
1803526
1307103
822797
1045384
1458056
223523
646407
121342
651523
1580312
307699
450255
886218
116576
1859622
1985961
1061913
1352789
999592
1031065
1222826
356749
1052152
1817729
601629
567742
1883529
1888713
1073914
485644
1879862
679966
914782
200142
59655
1041180
782003
1503420
467194
90258
1740229
481887
1428461
491620
676706
1258324
1101332
419394
1632670
15358
860530
745609
470425
1593684
689030
1446778
254952
1005068
443756
890316
339993
757694
1047428
165881
1700450
1627733
1535473
686078
56923
818444
1203959
1558493
885596
909336
1290835
740940
928288
560534
1141024
1343304
1466410
1464137
256044
1058557
1625114
1134254
209543
1321097
1511111
612876
786230
1776935
1059666
1576878
1750265
982537
1434458
1262582
791170
1048973
1722851
415256
362473
814228
811398
1302037
1860013
1561088
302850
1948089
518492
1694418
1864044
1100451
1423906
875856
501652
1988870
540766
566197
1418192
214377
1174966
1444046
32215
1427024
498828
1308717
1159071
308300
1306481
1665705
1769364
92053
1620453
1051155
1101666
1441816
247160
323078
1274241
648454
1018249
1563022
94386
1091811
1912891
1959214
152973
874411
480886
1445588
721817
224975
1630780
1508476
1240289
918426
782014
1384374
803210
551297
402019
1994549
641609
852786
1925054
1771992
1479998
372752
1774189
1059836
1741711
217690
1291955
769739
1196127
1611944
1349662
940404
1514133
539614
1155745
284662
1827414
1860893
943889
1544390
461272
111978
1810866
183241
659803
862786
1519867
722945
246437
1023699
921414
1241599
1166757
140900
479217
1780221
1100221
1421050
1703877
504129
933019
861043
312350
1628345
1568763
1841610
1870241
263598
1395552
117359
167137
780716
1908897
380665
1310722
1368021
561885
1590949
400034
878927
697822
569012
523304
172430
690531
108065
1773646
1373235
60398
1375524
1184441
406365
157018
439762
611373
1600229
1799628
182523
614478
818193
992544
1256271
1327392
129079
856564
140700
1332702
786094
830177
1111196
1218337
1509271
1021018
824951
1806306
364008
337740
139922
937815
1460700
67966
497008
203201
20030
932918
1760772
623700
1469136
1769291
1710493
1568393
379364
976473
1581840
1886382
1441551
1241619
394226
1315866
549832
775363
987553
543059
949202
157188
1675169
1385346
1332066
633456
247367
1262490
1659707
1244707
1153777
750229
495538
1053072
1307364
1196161
1095791
1517000
1863565
1016803
1119684
1542802
838975
532799
1439177
938569
364757
1122388
1943513
824056
387984
685339
1080412
1953949
1253998
1862841
1257748
375427
1291634
835681
1521926
448004
1908685
1134656
1822695
831613
1390846
388480
1934255
1198065
220076
1032832
911797
1970750
1423374
1406399
1318213
1142371
1946169
393498
268701
1124978
1318977
835653
856725
468440
1669816
541589
1799073
1444523
1938412
720366
225368
1027886
1494876
671682
1634117
1704318
710104
607565
1547723
1976276
1188133
745449
603982
1355152
1773542
1109661
530576
1847598
544630
115379
429258
898137
566982
396950
1129026
1073034
277933
1354257
1161796
849258
589406
489733
1259652
1499709
807465
1883910
475876
751694
1772282
1613894
432269
1338605
845775
292424
1936844
573529
231672
1501572
694898
560157
11015
1951475
899894
1823035
291110
1327230
460905
1097928
1542655
561084
1426387
1355846
1445768
698466
1386871
698401
1485797
1104272
547688
1889631
633787
1778881
75317
930735
1683109
1090652
52364
274560
460105
555499
841363
776360